 
 Re+            =          35.0000000000000     
 Re-            =          3.50000000000000     
 rho+           =          1.00000000000000     
 rho-           =         1.000000000000000E-003
 x0             =        -0.500000000000000     
 xl             =          1.00000000000000     
 y0             =        -0.500000000000000     
 yl             =          2.00000000000000     
 
 nx             =                 65
 ny             =                 65
 ns             =                256
 ms             =                  1
 dx             =         1.538461538461539E-002
 dy             =         3.076923076923077E-002
 dalfa          =         2.454369260617026E-002
 
 icfl           =                  1
 cflc           =         0.250000000000000     
 cflv           =         0.250000000000000     
 nstart         =               1001
 nend           =               3000
 nstep          =               2000
 tstart         =         0.165680473372784     
 tend           =         0.497041420118358     
 dtcfl          =         5.000000000000000E-004
 dt0            =         1.000000000000000E-002
 
 isingular      =                  1
 move           =                  1
 ifxy           =                  1
 ichorin	=	           0
 itemporal      =                  0
 
 total time     =         0.647844441731771       hours
 beginning time :
 Date: 20110825
 Time: 15:54:53
 ending time    :
 Date: 20110825
 Time: 16:14:51
